NAME : M-n16-k3
COMMENT : (maria ortiz, vitoria, es)
TYPE : CVRP
DIMENSION : 16
EDGE_WEIGHT_TYPE : EXPLICIT
EDGE_WEIGHT_FORMAT: LOWER_ROW_VIX 
DISPLAY_DATA_TYPE: DISPLAY
CAPACITY : 1214
NODE_COORD_SECTION
1 0 0
4 2.54922 110.407
12 191.013 79.9942
21 351.302 98.3619
27 678.225 180.761
38 179.614 238.513
45 273.835 414.365
60 579.095 430.116
73 409.466 522.901
108 799.92 547.614
124 1055.62 662.551
130 1227.42 536.337
143 1014.2 417.459
182 522.189 109.917
197 462.878 250.87
201 812.465 289.765
DEMEND_SECTION
1 0
4 180
12 230
21 180
27 250
38 290
45 220
60 230
73 90
108 270
124 150
130 100
143 150
182 170
197 170
201 290
EDGE_WEIGHT_SECTION
367.96 
429.429 161.404 
1107.63 839.608 678.204 
271.741 328.263 387.496 1302.58 
493.831 440.658 325.429 1302.58 401.3 
862.936 809.764 687.353 1302.58 770.406 369.106 
709.374 657.695 535.284 1302.58 618.337 217.036 254.428 
1139.99 1145.7 984.295 1302.58 1073.85 715.91 474.991 519.786 
1358.73 1364.43 1203.03 1302.58 1292.58 934.646 693.726 738.522 394.542 
1561.55 1567.25 1405.85 1302.58 1495.4 1137.47 896.546 941.342 551.272 249.453 
1530.05 1535.76 1374.36 1302.58 1463.91 1105.97 865.055 909.851 445.009 447.283 348.615 
611.234 343.209 181.805 1302.58 569.3 507.234 496.827 473.811 939.618 1158.35 1361.17 1329.68 
553.525 419.019 257.614 1302.58 449.466 387.4 311.336 277.669 754.127 972.862 1175.68 1144.19 590.369 
1319.39 1325.1 1163.69 1302.58 1253.24 895.307 654.387 699.183 449.587 751.86 954.68 894.596 1003.53 955.94 
DEPOT_SECTION
1
-1
EOF